$ANSIBLE_VAULT;1.1;AES256
30393262353333666636373434383936613636303230373835343037646161366634613764373662
6536613437613262353930346266313133663163346265350a626230333631313164653865643961
65343431386532646138313333313639343865383632646632353030306266623065633362653438
3034303330626566390a356437333733366234363833343636333036323135363066313031343536
35313638333138613633366261376237646635316632333530356134323062613332303835646366
37383539656332323031393666303233306636353835373664343963353964383532636561356530
66633332653438376561636637366464613038653839313232383135383837303339343632303762
36636531396365643965663566323230636466333364363030633461306637336332633439663466
66313061633938376430343434383639393132643130633430313631313532393762363361316639
62613935333761393361323465363835373938306464303139653037343638303731316436396535
31616636626364326566396563336237623932336361393534376137333537303739343664623232
64363537343035343133313531636633313338386139373231666261633134393265336536363333
32366538343133663461353835636663303339366461366434306630376536613634373731343031
64636662633663393863336632646430663530313333373664393265613633386366386432623261
34623937666136346562353362333436613765356461643363323764636134383431653736303030
36653365303034346362653935653231326535303865353337363132616530323834323562616438
39343638343730623966383335633036333462346331313731383333343235373930343563616139
63613338313232323164653939336664663437363432633737353738343134346238333766613863
62646234306637336136643936313130376536373230313063393636663766306264646531653531
62643961376164613937313361373434306561383061623865646432656638666530356239336237
65336466353235373338376433346131656530383031306631616438323866313332313363636233
30663864343834646633356566373232363366653561323966663139633033333364323234323562
36303232336232633163396238373163373735653134373433386330306163663636323461623965
65613366386537323638663433653530626465613564316531373763636361366265306431353033
32636665653635623539383264313334656666303561636139656531633261306438613939613662
32643830333037666465316362646235363161323266663439623635636336353761633534623136
38646539356363303731356537346234353432656336363837656436373163333064383938333737
32616536346563643636613261613133393630666562323233363936663037633737383663366133
38623738363533613238393235376337343662616464646632623938363566356565326236363961
39333162616530633765393035376662313132363237383134386232306166316461373733383735
31623163653462366537626537643436373939336530343362333733343234313936306431316261
31636335306536306137343435343739343438316637373937396236303762383662643837303239
62383061316337643036623235336139306332643631343666386561376131633234383934323465
64376239316434363735383634633964343634653164653831303065326466616264356262323861
30643162333465313936633638363833613031633331386263363037386234383963363232636335
34633839396237623832363639653736323466303739343032666439633538616265656231386636
61616235613565373365343965636333366635623161666236363539616232646536386661643530
66363165353432366334303266356233373432353265613661313031663466326166663233643263
39373035323865623232366531666331306538376231643133336632383962633764333564303462
65613865376261623331616437363162633439383639613466376564386236623464326464616166
64313538323166323863393839613461336563366435333263313961326633306438393237633230
36643036306232353961323763613662303334346366356563373439383666636464636432336433
66393466316135306139333864333562613463366165306433363732653232303536376232613639
34626238386361633738653136303234666331653535313464383231333036333735383439613332
66323239376566636232626338663930353039366162326233656465363730626532323463393138
34613133653538336463636163313532643365363635343861316234316662653730306662376565
38633833363532633563303933343935306538626336653364613464356139623165376439343438
64656365303038313963346361396266313561366134333934636463383831393430353639373632
62373934383266383537346261346662363238633234373166613135396235636336663139393732
38373632326465626534616537613661323765383161383631383861623334396434613031373733
37383237643535316236393132303064656362343562656339386132306266306138613865336534
63633832366231643564613931616535616637616638376165323437313263306239326338333462
31393166666535363436356234653163626363313865326139333264666331303336316236326630
33653331666532363764306262663333346534653832303363656238376532623633663433626531
34323137656662373564343934626333643235663164386435623330366430643261323733323864
34653964373163363133616639613264396238653031646233663031333637356136373936623465
31333663663663363135613236663238623138393666656262366539333266373736646133346336
30363839343565633735613461316132396131373464393364653633336436393966336437376633
35313933393232343339316362363466633232373732363735373064393762356236373133373032
35663939376138363062303334336535303937363063363762663364363966346639613338653635
30396433653564616161623833633764386436303534376435356337376434643531386438653630
37666338633736303530343532363138366665393361363839346532346264643030643334636464
37626261386464396164313532303761323937346635656362343537636535623131353463653463
34643738306130323832386538633566653637303432323438343333646235376237346236323537
32366231386465316439656534633931663563313036373835366239663937373064613638326638
61653634383531383466663865383861646136303863646530353736666663633238363237323564
63363864643862323532643632383936653561633935646333386330643438396465656232393364
36343866386238333639363638383237303964363930633039313235326336333937323337393262
33653230353136643136613634346534343663363439346438303538323561346164386562626431
35646233373233303835623432346664363066376364383130646439396535306333363361323134
62333533313866313733313134333131353931303338306361373833343061643632323537366630
64326464363363373038356564663061383130373863313766313434323038383633666261373035
38646337393434353264323237613133363832333232636536653533306263616565353736663963
36666230616562383334356464636236613463643366653339336330333465383333613737313732
32353435383566663961393465666139633462326634373539656432363465313632393161653738
65346133343162326635356637343938636566323565323632623035366530303230613163343038
33383064366464643232663731623933616132616233653333313732366430313333313863356631
34386635376262336132383639633630653131373563396264346530316166356662336530616263
34363137613066353333383331333436376538356637623232363539393837333763636435623538
33383866373734616530353262646332623165313238306665653961616137646661383137326133
35626435326231396163393336626137383165643739303336633532653564313533656137306661
64346363363431306364666337316631313264643239376439363439343938323936326266643138
62343532386534626138623461636466336561666133316632316535643635653536666236356138
62623938636566646463613036363464343566656166353162386130363732356630636532643230
61396462323162306134626437626365396238303761316566666665366438616138333334313839
62326261303163333038303831663562373038656164373166636433626334363939363235386337
34653133633639666333366565643336643230643133303133313136343361383165623665366663
31636161323136623234
